J=3.2284e-6;
L=2.75e-6;
R=4;
b=3.5077e-6;
Ke=0.0274;
Kt=0.0274;
kp=1;
ki=1;
kd=1;